-8.557060957691402514e-01 -2.811247180000009949e-01 3.693439999999985623e-01 -7.817996718939296263e-01
-4.116131316581960187e-01 2.282239999999997604e+00 -9.999343900000000929e+01 -8.083655568749921194e-01
2.251062127876537922e+00 3.569376512324502482e-01 5.470399999999996155e+00 3.627376633704322284e-01
1.656012141561763740e-01 1.078399999999999537e+01 -9.992710000000001003e+01 2.282239999999997604e+00
1.032558128760437555e+01 1.065485641409724060e+01 1.963999999999999702e+01 3.470886129426662969e-01
-7.993271988159047492e-01 -9.999343900000000929e+01 2.282239999999997604e+00 3.428099073321805856e-01
0.000000000000000000e+00 0.000000000000000000e+00 0.000000000000000000e+00 0.000000000000000000e+00
2.282161437246883917e+00 -9.999999856510930840e+01 1.078399999999999537e+01 -9.999982285300001195e+01
0.000000000000000000e+00 0.000000000000000000e+00 0.000000000000000000e+00 0.000000000000000000e+00
1.077569644741711663e+01 1.906741423999999796e+01 3.439999999999999858e+01 -9.992710000000001003e+01
3.057120163166619498e-01 5.468926517234026008e+00 5.470399999999996155e+00 2.281200417403858705e+00
-9.919000000000001194e+01 1.078399999999999537e+01 -9.919000000000001194e+01 -7.435890680485126580e-01
5.470276717552899903e+00 1.963999999999999702e+01 1.963999961864467281e+01 5.470392986685130410e+00
-9.999999998837739668e+01 3.439999999999999858e+01 -9.999999987085985254e+01 1.078399997556125989e+01
1.963999999998834411e+01 3.439999999980807388e+01 5.900000000000000000e+01 1.963999999999996504e+01
2.278763178482486218e+00 -9.999994685590000643e+01 1.078399999999999537e+01 5.470359112906685972e+00
0.000000000000000000e+00 0.000000000000000000e+00 0.000000000000000000e+00 0.000000000000000000e+00
3.224320248799998900e+00 -9.730000000000001137e+01 3.439999999999999858e+01 -9.919000000000001194e+01
0.000000000000000000e+00 0.000000000000000000e+00 0.000000000000000000e+00 0.000000000000000000e+00
3.439999999999981384e+01 5.899999999997977795e+01 1.000000000000000000e+02 -9.999999996125795576e+01
5.470399909781074932e+00 1.963999999999999702e+01 1.078394092164646345e+01 1.078399574342288858e+01
-9.999999987085985254e+01 3.439999999999999858e+01 1.963996381661798907e+01 1.078397649946303005e+01
1.963976450701649057e+01 5.900000000000000000e+01 3.439999615589293569e+01 1.963999771199907229e+01
-9.999999999968619591e+01 1.000000000000000000e+02 5.899999950952479821e+01 3.439999998689294358e+01
0.000000000000000000e+00 0.000000000000000000e+00 0.000000000000000000e+00 0.000000000000000000e+00
